ripple2vec_nw8_wl8: [0.5464 0.6798 0.413  0.5367 0.5998 0.564  0.5497]
LINE_order3_epochs10: [0.5368 0.4834 0.5901 0.5488 0.5121 0.5238 0.5577]
sdne_a0_b10: [0.8626 0.7448 0.9803 0.9742 0.844  0.9827 0.9641]
vae_h256_128: [0.7726 0.5453 1.     1.     0.7042 0.9996 0.9995]
grarep_k2: [0.7771 0.7466 0.8076 0.7955 0.7699 0.8096 0.7716]
deepwalk_nw16_wl32: [0.4762 0.6126 0.3399 0.4797 0.5376 0.4593 0.4462]
node2vec_nw8_wl32_p0.25_q0.5: [0.5419 0.665  0.4188 0.5339 0.5919 0.5465 0.4892]
struc2vec_nw128_wl16: [0.5527 0.6812 0.4242 0.5438 0.6042 0.553  0.5065]
n2vplus_nw8_wl32_p0.25_q0.5: [0.5296 0.7278 0.3314 0.5216 0.6074 0.5763 0.5839]

n2vplus_nw8_wl32_p0.25_q0.5(mean):[0.4857 0.7345 0.2368 0.4913 0.5885 0.4935 0.5155]
n2vplus_nw8_wl32_p0.25_q0.5(max):[0.528  0.7601 0.3229 0.5199 0.6084 0.5758 0.6012]
n2vplus_nw8_wl32_p0.25_q0.5(min):[0.4305 0.7175 0.1256 0.4568 0.5636 0.4148 0.4493]

ripple2vec_nw8_wl8(mean):[0.5386 0.6789 0.3982 0.5302 0.5954 0.5418 0.5174]
ripple2vec_nw8_wl8(max):[0.5549 0.6928 0.4305 0.544  0.6042 0.5614 0.5373]
ripple2vec_nw8_wl8(min):[0.5146 0.6525 0.3767 0.5114 0.5734 0.5248 0.5056]

LINE_order3_epochs10(mean):[0.5612 0.4915 0.6309 0.5736 0.5288 0.5307 0.5592]
LINE_order3_epochs10(max):[0.5975 0.4978 0.7108 0.6261 0.5461 0.5732 0.6048]
LINE_order3_epochs10(min):[0.5213 0.4843 0.5561 0.5229 0.5041 0.4923 0.5349]

sdne_a0_b10(mean):[0.8614 0.7426 0.9803 0.9741 0.8425 0.9821 0.9614]
sdne_a0_b10(max):[0.8767 0.7735 0.9821 0.9752 0.8625 0.9828 0.9651]
sdne_a0_b10(min):[0.843  0.704  0.9798 0.973  0.8177 0.9814 0.9587]

vae_h256_128(mean):[0.7056 0.5771 0.8341 0.883  0.6759 0.8904 0.9115]
vae_h256_128(max):[0.7926 0.6614 1.     1.     0.7455 0.9996 0.9996]
vae_h256_128(min):[0.4271 0.4798 0.1928 0.4504 0.5359 0.5007 0.604 ]

grarep_k2(mean):[0.7684 0.7713 0.7655 0.7677 0.7687 0.8007 0.7632]
grarep_k2(max):[0.7803 0.8363 0.7982 0.7877 0.7919 0.8276 0.8014]
grarep_k2(min):[0.7567 0.7197 0.7242 0.7452 0.7474 0.7688 0.7048]

deepwalk_nw16_wl32(mean):[0.4886 0.578  0.3991 0.4772 0.511  0.4769 0.4534]
deepwalk_nw16_wl32(max):[0.5415 0.7422 0.6883 0.5296 0.6181 0.512  0.4726]
deepwalk_nw16_wl32(min):[0.4439 0.1996 0.3139 0.3904 0.2641 0.4626 0.447 ]

node2vec_nw8_wl32_p0.25_q0.5(mean):[0.5507 0.6664 0.435  0.5405 0.5962 0.5586 0.5011]
node2vec_nw8_wl32_p0.25_q0.5(max):[0.5796 0.7444 0.4821 0.5599 0.6391 0.5872 0.5214]
node2vec_nw8_wl32_p0.25_q0.5(min):[0.5258 0.5695 0.4103 0.5237 0.5456 0.5142 0.4684]

struc2vec_nw128_wl16(mean):[0.5868 0.6726 0.5009 0.5758 0.62   0.5894 0.5306]
struc2vec_nw128_wl16(max):[0.6211 0.6973 0.5717 0.608  0.6427 0.6429 0.577 ]
struc2vec_nw128_wl16(min):[0.5291 0.6547 0.3946 0.523  0.585  0.5262 0.4868]