n2v_plus_p0.25_q0.25: [0.9235 0.7153 0.9466 0.5983 0.6516 0.9493 0.7066]
n2v_plus_p0.25_q0.5: [0.9189 0.627  0.9513 0.589  0.6072 0.9308 0.6292]
n2v_plus_p0.25_q1: [0.9137 0.6095 0.9475 0.5634 0.5855 0.9238 0.6229]
n2v_plus_p0.25_q2: [0.911  0.5574 0.9503 0.5549 0.5559 0.9121 0.5792]
n2v_plus_p0.25_q4: [0.9058 0.5307 0.9474 0.5294 0.5296 0.9039 0.5417]
n2v_plus_p0.5_q0.25: [0.9229 0.6882 0.949  0.601  0.6411 0.9434 0.6903]
n2v_plus_p0.5_q0.5: [0.9198 0.7018 0.944  0.5833 0.6365 0.94   0.688 ]
n2v_plus_p0.5_q1: [0.912  0.5983 0.9469 0.5559 0.5762 0.9188 0.6078]
n2v_plus_p0.5_q2: [0.9081 0.5625 0.9465 0.5393 0.5503 0.9108 0.5808]
n2v_plus_p0.5_q4: [0.9133 0.6075 0.9473 0.5624 0.5835 0.9218 0.6251]
n2v_plus_p1_q0.25: [0.9264 0.7146 0.95   0.614  0.6603 0.9505 0.7202]
n2v_plus_p1_q0.5: [0.9121 0.6125 0.9454 0.5554 0.5822 0.9228 0.6139]
n2v_plus_p1_q1: [0.9152 0.5942 0.9509 0.5741 0.5836 0.9211 0.6285]
n2v_plus_p1_q2: [0.9067 0.5569 0.9456 0.5323 0.5442 0.9058 0.5705]
n2v_plus_p1_q4: [0.9097 0.5811 0.9462 0.5461 0.5627 0.9145 0.5875]
n2v_plus_p2_q0.25: [0.9253 0.7075 0.9495 0.6092 0.6544 0.9471 0.7069]
n2v_plus_p2_q0.5: [0.9187 0.6627 0.9471 0.5823 0.6198 0.9356 0.6682]
n2v_plus_p2_q1: [0.9107 0.5607 0.9496 0.5532 0.5567 0.9139 0.5889]
n2v_plus_p2_q2: [0.9139 0.6126 0.9474 0.5642 0.5872 0.924  0.6359]
n2v_plus_p2_q4: [0.911  0.5617 0.9499 0.5556 0.5577 0.9129 0.5922]
n2v_plus_p4_q0.25: [0.9222 0.7178 0.9449 0.592  0.6485 0.9446 0.69  ]
n2v_plus_p4_q0.5: [0.917  0.6438 0.9473 0.5772 0.608  0.9304 0.646 ]
n2v_plus_p4_q1
n2v_plus_p4_q2
n2v_plus_p4_q4

epochs_5: [0.9432 0.8438 0.9543 0.6726 0.7483 0.9768 0.8318]
epochs_10: [0.9418 0.8117 0.9562 0.6743 0.7361 0.9743 0.817 ]
epochs_15: [0.9437 0.8164 0.9579 0.683  0.7437 0.9751 0.8223]
epochs_20: [0.9438 0.8424 0.9551 0.676  0.75   0.976  0.8315]
epochs_25: [0.943  0.8462 0.9538 0.6707 0.7482 0.9749 0.8258]
epochs_30: [0.9442 0.8436 0.9554 0.6777 0.7515 0.9756 0.8308]
epochs_35: [0.9399 0.8419 0.9508 0.6557 0.7369 0.9729 0.8119]
epochs_40: [0.9424 0.8494 0.9528 0.6666 0.7469 0.9744 0.8206]
epochs_45: [0.9425 0.8485 0.953  0.6674 0.747  0.9746 0.8217]
epochs_50: [0.9413 0.8274 0.954  0.6668 0.7382 0.9719 0.8075]

a0_b0: [0.9282 0.7095 0.9525 0.6248 0.6643 0.9536 0.7355]
a0_b10: [0.94   0.7871 0.957  0.671  0.7241 0.9675 0.8001]
a0_b20: [0.918  0.5881 0.9546 0.5915 0.5891 0.9237 0.6365]
a0_b30: [0.9    0.     1.     0.     0.     0.9016 0.4731]
a0.1_b0: [0.9358 0.7992 0.9509 0.6447 0.7133 0.9647 0.7705]
a0.1_b10: [0.9218 0.5454 0.9636 0.6256 0.5825 0.9172 0.6281]
a0.1_b20: [0.9141 0.6786 0.9403 0.5584 0.6125 0.9327 0.5663]
a0.1_b30: [0.9165 0.6752 0.9433 0.5719 0.6179 0.9402 0.6605]
a0.2_b0: [0.9 0.  1.  0.  0.  0.5 0.1]
a0.2_b10: [0.9243 0.6855 0.9508 0.6104 0.6444 0.9436 0.6657]
a0.2_b20: [0.9094 0.6749 0.9355 0.5395 0.5987 0.9272 0.5753]
a0.2_b30: [0.9095 0.5957 0.9443 0.5451 0.5682 0.9151 0.5476]
a0.3_b0: [0.9114 0.4265 0.9652 0.3481 0.3815 0.9411 0.5617]
a0.3_b10: [0.9225 0.669  0.9507 0.6029 0.6333 0.9388 0.6747]
a0.3_b20: [0.9212 0.7441 0.9409 0.5859 0.6539 0.9478 0.6277]
a0.3_b30: [0.9131 0.6313 0.9444 0.5581 0.5921 0.9245 0.5989]
a0.4_b0: [0.9294 0.7105 0.9537 0.6317 0.6679 0.952  0.7001]
a0.4_b10: [0.9083 0.5308 0.9503 0.5433 0.5366 0.9075 0.5646]
a0.4_b20: [0.9311 0.6985 0.957  0.6543 0.6692 0.956  0.6896]
a0.4_b30: [0.9188 0.6027 0.9539 0.5936 0.5973 0.9226 0.6402]
